16 8 1000
100 100 100 100 100 100 100 100  
100 100 100 100 100 100 100 100 
100 100 100 100 100 100 100 100 
100 100 100 100 100 100 100 100 
100 100 100 100 100 100 100 100
100 100 100 100 100 100 100 100
100 100 100 100 100 100 100 100
100 100 100 100 100 100 100 100
100 100 100 100 100 100 100 100
100 100 100 100 100 100 100 100
100 100 100 100 100 100 100 100
-1 100 100 100 100 100 100 100
-1 100 100 100 100 100 100 100
100 100 100 100 100 100 100 100
100 100 100 100 100 100 100 100
100 100 100 100 100 100 100 100
100 100 100 100 100 100 100 100
100 100 100 100 100 100 100 100
100 100 100 100 100 100 100 100
100 100 100 100 100 100 100 100
100 100 100 100 100 100 100 100
 
 


7 8 1000
100 100 100 100 100 100 100 100  
100 100 100 100 100 100 100 100 
-1 100 100 100 100 100 100 100
-1 100 100 100 100 100 100 100
100 100 100 100 100 100 100 100 
100 100 100 100 100 100 100 100 
100 100 100 100 100 100 100 100 



6 12 1
100 100 100 100 100 100 100 100 100 100 100 100  
100 100 100 100 100 100 100 100 100 100 100 100
-1 100 100 100 100 100 100 100 100 100 100 100
-1 100 100 100 100 100 100 100 100 100 100 100
100 100 100 100 100 100 100 100 100 100 100 100
100 100 100 100 100 100 100 100 100 100 100 100


7 8 1000
0 0 0 0 0 0 0 0
0 0 0 0 0 0 0 0
-1 0 0 0 0 0 0 0
-1 0 0 0 0 0 0 0
0 0 0 0 0 0 0 0 
0 0 0 0 0 0 0 0 
0 0 0 0 0 0 0 0 
